State,District,Population,Hindus,Muslims,Literate_Education,Illiterate_Education,Total_Education,Power_Parity_Less_than_Rs_45000,Power_Parity_Rs_45000_90000,Power_Parity_Rs_90000_150000,Power_Parity_Rs_45000_150000,Power_Parity_Rs_150000_240000,Power_Parity_Rs_240000_330000,Power_Parity_Rs_150000_330000,Power_Parity_Rs_330000_425000,Power_Parity_Rs_425000_545000,Power_Parity_Rs_330000_545000,Power_Parity_Above_Rs_545000,Total_Power_Parity
JAMMU AND KASHMIR,Kupwara,870354,37128,823286,405015,289765,694780,259,494,94,588,71,101,172,74,10,84,15,1119
JAMMU AND KASHMIR,Badgam,753745,10110,736054,374972,342646,717618,201,436,126,562,72,89,161,96,28,124,18,1066
JAMMU AND KASHMIR,Leh,133487,22882,19057,75493,32637,108130,33,76,46,122,15,22,37,20,14,34,17,242
JAMMU AND KASHMIR,Kargil,140802,10341,108239,82938,39854,122792,39,87,27,114,12,18,30,19,3,22,7,214
JAMMU AND KASHMIR,Punch,476835,32604,431279,288430,164044,452474,117,268,78,346,35,50,85,59,8,67,12,629
JAMMU AND KASHMIR,Rajouri,642415,221880,402879,394977,242306,637283,135,323,120,443,42,58,100,72,22,94,15,786
JAMMU AND KASHMIR,Kathua,616435,540063,64234,426572,181297,607869,139,340,174,514,54,69,123,78,52,130,28,936
JAMMU AND KASHMIR,Baramula,1008039,30621,959185,555050,350119,905169,387,795,254,1049,155,190,345,177,78,255,64,2100
JAMMU AND KASHMIR,Bandipore,392232,8439,382006,199416,163648,363064,6,18,11,29,2,2,4,3,3,6,0,45
JAMMU AND KASHMIR,Srinagar,1236829,42540,1177342,904049,310225,1214274,251,427,668,1095,319,380,699,240,370,610,445,3099
JAMMU AND KASHMIR,Ganderbal,297446,5592,290581,158024,116734,274758,4,10,5,15,1,1,2,2,1,3,0,24
JAMMU AND KASHMIR,Pulwama,560440,13840,535159,310482,190369,500851,213,430,119,549,71,96,167,84,24,108,32,1068
JAMMU AND KASHMIR,Shupiyan,266215,3116,262263,150910,107053,257963,119,218,39,257,33,47,80,29,6,35,9,500
JAMMU AND KASHMIR,Anantnag,1078692,13180,1057005,502210,337265,839475,404,838,254,1092,151,191,342,181,68,249,57,2144
JAMMU AND KASHMIR,Kulgam,424483,4267,418076,234831,175199,410030,3,9,8,17,1,1,2,2,2,4,0,26
JAMMU AND KASHMIR,Doda,409936,187621,220614,248131,163565,411696,247,467,99,566,75,102,177,74,19,93,19,1103
JAMMU AND KASHMIR,Ramban,283713,81026,200516,146713,141812,288525,1,3,3,6,0,0,0,0,1,1,1,9
JAMMU AND KASHMIR,Kishtwar,230696,93931,133225,120480,101166,221646,4,11,8,19,1,1,2,2,3,5,0,28
JAMMU AND KASHMIR,Udhampur,554985,489044,59771,330760,194838,525598,218,492,171,663,87,107,194,122,43,165,37,1278
JAMMU AND KASHMIR,Reasi,314667,153898,156275,153248,143293,296541,2,5,5,10,1,1,2,1,1,2,1,17
JAMMU AND KASHMIR,Jammu,1529958,1289240,107489,1173121,268279,1441400,404,827,682,1509,281,382,663,282,271,553,398,3525
JAMMU AND KASHMIR,Samba,318898,275311,22950,238867,65643,304510,139,291,89,380,48,62,110,60,21,81,18,728
HIMACHAL PRADESH,Chamba,519080,479782,32455,344427,154575,499002,118,276,222,498,72,38,110,49,79,128,97,950
HIMACHAL PRADESH,Kangra,1510075,1461140,19797,1176288,271892,1448180,317,800,706,1506,252,101,353,127,206,333,369,2878
HIMACHAL PRADESH,Lahul Spiti,31564,11649,74,22817,6515,29332,8,19,17,36,6,2,8,3,5,8,9,67
HIMACHAL PRADESH,Kullu,437903,415669,2974,310349,103136,413485,98,239,205,444,70,35,105,41,67,108,100,854
HIMACHAL PRADESH,Mandi,999777,981412,9460,763468,218570,982038,233,535,431,966,131,77,208,93,152,245,190,1842
HIMACHAL PRADESH,Hamirpur,454768,449412,3711,376978,72551,449529,95,240,215,455,77,34,111,40,64,104,113,878
HIMACHAL PRADESH,Una,521173,480138,14275,424468,87735,512203,108,271,240,511,87,38,125,46,75,121,122,987
HIMACHAL PRADESH,Bilaspur,381956,371973,6984,287961,65864,353825,528,1214,671,1885,271,221,492,315,374,689,72,3666
HIMACHAL PRADESH,Solan,580320,548579,14678,423408,104084,527492,116,317,307,624,130,58,188,63,103,166,160,1253
HIMACHAL PRADESH,Sirmaur,529855,476830,33215,368841,140486,509327,124,274,209,483,61,44,105,53,87,140,77,930
HIMACHAL PRADESH,Shimla,814010,791449,11810,623801,137576,761377,156,397,415,812,150,104,254,82,133,215,232,1668
HIMACHAL PRADESH,Kinnaur,84121,64732,448,59428,16944,76372,21,52,44,96,15,6,21,8,13,21,23,181
PUNJAB,Gurdaspur,2298323,1074332,27667,1528979,478020,2006999,269,1023,1250,2273,830,459,1289,575,897,1472,678,5982
PUNJAB,Kapurthala,815168,336124,10190,575495,174995,750490,81,322,555,877,298,228,526,223,293,516,470,2472
PUNJAB,Jalandhar,2193590,1394329,30233,1575774,387809,1963583,201,803,1594,2397,755,677,1432,655,800,1455,1399,6883
PUNJAB,Hoshiarpur,1586625,1000743,23089,1227466,294723,1522189,167,653,925,1578,586,357,943,360,529,889,730,4305
PUNJAB,Shahid Bhagat Singh Nagar,612310,401368,6829,455446,133275,588721,67,257,339,596,252,126,378,131,201,332,280,1653
PUNJAB,Fatehgarh Sahib,600163,152851,16808,432310,142314,574624,67,263,355,618,217,132,349,153,232,385,222,1640
PUNJAB,Ludhiana,3498739,1502403,77713,2372099,631980,3004079,336,1382,2526,3908,1039,1014,2053,1116,1457,2573,1722,10593
PUNJAB,Moga,995746,158414,9388,638000,306336,944336,128,479,574,1053,401,196,597,256,403,659,336,2774
PUNJAB,Firozpur,2029074,906408,6844,1207928,714869,1922797,235,838,818,1656,582,373,955,479,747,1226,212,4283
PUNJAB,Muktsar,901896,254920,4333,544427,340886,885313,113,402,382,784,280,173,453,226,354,580,95,2025
PUNJAB,Faridkot,617508,141363,3125,373752,204895,578647,76,276,313,589,199,133,332,168,254,422,122,1540
PUNJAB,Bathinda,1388525,380569,16299,793380,438529,1231909,160,592,692,1284,439,284,723,356,542,898,302,3365
PUNJAB,Mansa,769751,156539,10375,434158,311513,745671,106,366,294,660,236,155,391,202,279,481,56,1694
PUNJAB,Patiala,1895686,783306,40043,1280816,518772,1799588,241,905,1235,2140,694,464,1158,597,857,1454,687,5679
PUNJAB,Amritsar,2490656,690939,12502,1485800,540010,2025810,262,1025,1582,2607,823,576,1399,709,990,1699,1012,6979
PUNJAB,Tarn Taran,1119627,60504,3855,648448,381879,1030327,107,435,506,941,335,229,564,244,407,651,185,2449
PUNJAB,Rupnagar,684627,304481,14492,492696,124100,616796,90,342,429,771,287,148,435,190,293,483,256,2034
PUNJAB,Sahibzada Ajit Singh Nagar,994628,476276,29488,696282,172226,868508,42,166,321,487,181,128,309,140,167,307,296,1440
PUNJAB,Sangrur,1655169,389410,179116,1054379,570103,1624482,190,702,802,1504,542,314,856,398,621,1019,372,3943
PUNJAB,Barnala,595527,112859,13100,360367,212388,572755,79,299,335,634,224,145,369,171,274,445,128,1655
CHANDIGARH,Chandigarh,1055450,852574,51447,731491,184265,915756,893,3631,7152,10783,4285,2444,6729,3382,4461,7843,7897,34145
UTTARAKHAND,Uttarkashi,330086,324859,3554,213460,83896,297356,73,133,66,199,23,32,55,19,4,23,5,356
UTTARAKHAND,Chamoli,391605,385818,4395,293196,61950,355146,78,158,115,273,26,35,61,39,9,48,8,467
UTTARAKHAND,Rudraprayag,242285,240170,1486,191038,45428,236466,50,93,63,156,14,20,34,24,0,24,0,263
UTTARAKHAND,Tehri Garhwal,618931,609835,7374,436261,133013,569274,129,255,178,433,41,57,98,61,11,72,10,743
UTTARAKHAND,Dehradun,1696694,1424916,202057,1287492,296538,1584030,218,614,659,1273,223,168,391,143,108,251,215,2350
UTTARAKHAND,Garhwal,687271,660507,22931,538089,123071,661160,143,297,235,532,48,66,114,78,16,94,20,902
UTTARAKHAND,Pithoragarh,483439,475105,6015,371448,88036,459484,105,217,149,366,38,47,85,51,15,66,8,631
UTTARAKHAND,Bageshwar,259898,257509,1440,199825,49539,249364,53,99,68,167,15,21,36,26,0,26,0,281
UTTARAKHAND,Almora,622506,611250,7752,495882,109556,605438,131,256,178,434,42,58,100,59,9,68,11,742
UTTARAKHAND,Champawat,259648,249563,8693,188383,62429,250812,52,108,73,181,19,21,40,28,9,37,0,309
UTTARAKHAND,Nainital,954605,809717,120742,713940,166573,880513,166,380,286,666,72,91,163,75,50,125,52,1170
UTTARAKHAND,Udham Singh Nagar,1648902,1104452,372267,1120419,438598,1559017,280,619,399,1018,120,141,261,114,78,192,53,1805
UTTARAKHAND,Hardwar,1890422,1214935,648119,1268700,580970,1849670,315,706,541,1247,130,163,293,154,80,234,81,2170
HARYANA,Panchkula,561293,490702,23451,388559,119222,507781,42,196,344,540,187,180,367,101,157,258,238,1445
HARYANA,Ambala,1128350,955096,22143,793235,222031,1015266,100,491,622,1113,386,294,680,227,364,591,297,2781
HARYANA,Yamunanagar,1214205,984929,138569,826207,319428,1145635,89,438,591,1029,348,288,636,209,336,545,273,2575
HARYANA,Kurukshetra,964655,805175,15970,642789,266638,909427,83,416,448,864,319,203,522,183,295,478,190,2137
HARYANA,Kaithal,1074304,974520,8232,662470,369869,1032339,100,491,364,855,333,185,518,212,324,536,34,2046
HARYANA,Karnal,1505324,1341002,31650,1004186,429220,1433406,146,730,658,1388,530,304,834,318,511,829,168,3368
HARYANA,Panipat,1205437,1083936,86622,752884,296212,1049096,91,444,591,1035,357,278,635,217,349,566,231,2559
HARYANA,Sonipat,1450001,1390149,45100,1017189,344813,1362002,153,766,858,1624,585,404,989,336,540,876,412,4054
HARYANA,Jind,1334152,1276669,23016,815843,419624,1235467,131,650,472,1122,441,238,679,279,433,712,29,2674
HARYANA,Fatehabad,942011,779243,8360,542399,344534,886933,89,444,330,774,304,161,465,187,301,488,39,1854
HARYANA,Sirsa,1295189,940255,9524,792628,412353,1204981,113,569,538,1107,435,228,663,252,405,657,140,2681
HARYANA,Hisar,1743931,1701061,21650,1093767,505251,1599018,167,828,690,1518,577,340,917,362,579,941,100,3642
HARYANA,Bhiwani,1634445,1611031,15515,1093788,459364,1553152,150,756,628,1384,549,278,827,321,516,837,149,3349
HARYANA,Rohtak,1061204,1043887,8185,808357,248795,1057152,77,372,537,909,296,265,561,177,284,461,291,2299
HARYANA,Jhajjar,958405,945693,8247,627288,201028,828316,81,407,452,859,305,219,524,171,275,446,260,2169
HARYANA,Mahendragarh,922088,913251,5660,654072,245602,899674,80,407,363,770,303,157,460,169,270,439,144,1894
HARYANA,Rewari,900332,889133,5713,635173,206827,842000,72,359,421,780,270,208,478,153,247,400,249,1979
HARYANA,Gurgaon,1514432,1408801,70842,1123831,263720,1387551,85,404,714,1118,409,386,795,220,311,531,577,3107
HARYANA,Mewat,1089263,221846,862647,410483,619284,1029767,118,560,296,856,349,175,524,229,311,540,12,2048
HARYANA,Faridabad,1809733,1588407,161680,1306146,346567,1652713,156,729,1321,2050,638,640,1278,416,670,1086,511,5080
HARYANA,Palwal,1042708,826342,208566,602312,393825,996137,104,516,429,945,365,205,570,219,342,561,117,2297
NCT OF DELHI,North West,3656539,3211042,291330,3028168,416720,3444888,578,1681,1903,3584,589,582,1171,482,567,1049,769,7151
NCT OF DELHI,North,887978,726443,119792,677717,125277,802994,578,1681,1903,3584,589,582,1171,482,567,1049,769,7151
NCT OF DELHI,North East,2241624,1529337,657585,1881944,257966,2139910,578,1681,1903,3584,589,582,1171,482,567,1049,769,7151
NCT OF DELHI,East,1709346,1410852,178807,1334283,169693,1503976,578,1681,1903,3584,589,582,1171,482,567,1049,769,7151
NCT OF DELHI,New Delhi,142004,124482,8480,91499,10098,101597,578,1681,1903,3584,589,582,1171,482,567,1049,769,7151
NCT OF DELHI,Central,582320,364148,194278,443517,87286,530803,578,1681,1903,3584,589,582,1171,482,567,1049,769,7151
NCT OF DELHI,West,2543243,2087294,149807,2032794,308139,2340933,578,1681,1903,3584,589,582,1171,482,567,1049,769,7151
NCT OF DELHI,South West,2292958,2102743,112691,1814620,278832,2093452,578,1681,1903,3584,589,582,1171,482,567,1049,769,7151
NCT OF DELHI,South,2731929,2155759,445914,2256556,328287,2584843,578,1681,1903,3584,589,582,1171,482,567,1049,769,7151
RAJASTHAN,Ganganagar,1969168,1437144,50688,1181845,710223,1892068,327,997,958,1955,168,148,316,157,254,411,322,3332
RAJASTHAN,Hanumangarh,1774692,1433067,118673,1088552,723454,1812006,287,840,759,1599,123,114,237,133,215,348,239,2709
RAJASTHAN,Bikaner,2363937,2073356,235741,1341957,1015331,2357288,320,1004,995,1999,178,159,337,160,260,420,335,3411
RAJASTHAN,Churu,2039547,1777879,249736,1228712,910226,2138938,373,1056,931,1987,139,157,296,178,289,467,238,3361
RAJASTHAN,Jhunjhunun,2137045,1905682,228178,1536668,712584,2249252,354,1021,945,1966,122,144,266,162,264,426,288,3300
RAJASTHAN,Alwar,3674179,3039279,547335,2262867,1384905,3647772,544,1700,1542,3242,447,209,656,241,390,631,661,5732
RAJASTHAN,Bharatpur,2548462,2143046,371286,1524305,1104824,2629129,408,1161,1046,2207,132,158,290,185,301,486,308,3699
RAJASTHAN,Dhaulpur,1206516,1127520,72258,682444,552106,1234550,216,547,414,961,66,78,144,97,157,254,68,1641
RAJASTHAN,Karauli,1458248,1370977,81553,840673,668926,1509599,226,633,552,1185,72,81,153,99,161,260,164,1987
RAJASTHAN,Sawai Madhopur,1335551,1165505,155681,759711,586492,1346203,204,593,533,1126,81,80,161,94,152,246,164,1900
RAJASTHAN,Dausa,1634409,1582335,45488,1005436,681980,1687416,286,745,612,1357,74,98,172,122,198,320,151,2286
RAJASTHAN,Jaipur,6626178,5819980,687452,4433665,2046038,6479703,890,3164,3578,6742,1130,645,1775,509,827,1336,1476,12219
RAJASTHAN,Sikar,2677333,2342076,327583,1859871,967497,2827368,430,1247,1144,2391,166,173,339,197,319,516,359,4033
RAJASTHAN,Nagaur,3307743,2833443,454487,1910801,1533137,3443938,557,1555,1344,2899,176,205,381,250,407,657,371,4863
RAJASTHAN,Jodhpur,3687165,3224399,411558,2036941,1591957,3628898,540,1671,1676,3347,285,272,557,269,437,706,556,5708
RAJASTHAN,Jaisalmer,669919,497045,168129,267105,397649,664754,110,309,278,587,36,41,77,49,79,128,86,986
RAJASTHAN,Barmer,2603751,2244882,321192,1179796,1501858,2681654,426,1121,931,2052,103,136,239,176,285,461,259,3437
RAJASTHAN,Jalor,1828730,1732852,78990,870570,1033534,1904104,287,790,678,1468,92,94,186,120,194,314,217,2470
RAJASTHAN,Sirohi,1036346,996562,30479,497001,577092,1074093,157,481,442,923,117,63,180,70,113,183,180,1621
RAJASTHAN,Pali,2037573,1870543,143476,1216936,983050,2199986,321,997,906,1903,227,130,357,149,242,391,345,3317
RAJASTHAN,Ajmer,2583052,2201663,314159,1618919,1034334,2653253,372,1227,1280,2507,273,211,484,197,319,516,460,4339
RAJASTHAN,Tonk,1421326,1243527,153146,816124,661902,1478026,227,668,593,1261,104,89,193,105,171,276,187,2145
RAJASTHAN,Bundi,1110906,1017688,66609,585809,553622,1139431,178,532,470,1002,99,68,167,81,132,213,162,1723
RAJASTHAN,Bhilwara,2408523,2224839,142427,1347909,1180456,2528365,369,1117,1033,2150,208,152,360,171,278,449,367,3694
RAJASTHAN,Rajsamand,1156597,1105676,33677,674367,544517,1218884,176,543,488,1031,139,66,205,77,125,202,208,1821
RAJASTHAN,Dungarpur,1388552,1340065,28662,675840,764563,1440403,201,611,530,1141,165,68,233,84,136,220,236,2030
RAJASTHAN,Banswara,1797485,1701234,48834,748794,1040914,1789708,286,839,723,1562,187,94,281,118,192,310,296,2734
RAJASTHAN,Chittaurgarh,1544338,1413163,97855,868699,715545,1584244,319,973,888,1861,213,124,337,142,231,373,349,3238
RAJASTHAN,Kota,1951014,1661307,243993,1317870,588142,1906012,254,924,1024,1948,244,174,418,152,247,399,375,3394
RAJASTHAN,Baran,1222755,1133349,79984,722755,545842,1268597,202,556,479,1035,63,74,137,91,146,237,129,1741
RAJASTHAN,Jhalawar,1411129,1299751,96164,747822,696680,1444502,234,630,539,1169,65,83,148,102,165,267,145,1962
RAJASTHAN,Udaipur,3068420,2869976,104307,1535470,1528671,3064141,451,1432,1389,2821,472,196,668,205,332,537,623,5101
RAJASTHAN,Pratapgarh,867848,827293,25597,402948,488621,891569,299,871,778,1649,151,114,265,134,217,351,265,2829
UTTAR PRADESH,Saharanpur,3466382,1966892,1454052,2090428,1279517,3369945,612,1375,974,2349,251,332,583,223,138,361,125,4029
UTTAR PRADESH,Muzaffarnagar,4143512,2382914,1711453,2673586,1431537,4105123,769,1699,1114,2813,316,416,732,234,173,407,149,4871
UTTAR PRADESH,Bijnor,3682713,2032081,1585210,2453411,1308683,3762094,722,1551,930,2481,289,381,670,187,142,329,109,4310
UTTAR PRADESH,Moradabad,4772006,2488265,2248392,2545795,2097292,4643087,829,1875,1250,3125,357,464,821,253,226,479,198,5452
UTTAR PRADESH,Rampur,2335819,1073890,1181337,1008445,1235413,2243858,461,965,474,1439,186,239,425,82,92,174,48,2545
UTTAR PRADESH,Jyotiba Phule Nagar,1840221,1075440,750368,1233732,520215,1753947,340,749,449,1198,139,175,314,109,76,185,34,2074
UTTAR PRADESH,Meerut,3443689,2183255,1185643,2302997,990312,3293309,563,1494,1364,2858,291,373,664,301,269,570,300,4953
UTTAR PRADESH,Baghpat,1303048,917474,364583,887221,376700,1263921,264,551,317,868,102,139,241,57,44,101,39,1514
UTTAR PRADESH,Ghaziabad,4681645,3414427,1186776,3545813,885070,4430883,552,1645,1787,3432,335,427,762,375,347,722,478,5946
UTTAR PRADESH,Gautam Buddha Nagar,1648115,1394025,215500,1335017,342284,1677301,222,649,750,1399,285,158,443,173,122,295,220,2578
UTTAR PRADESH,Bulandshahr,3499171,2707195,777407,2184539,1185318,3369857,719,1593,1020,2613,298,388,686,219,168,387,129,4534
UTTAR PRADESH,Aligarh,3673889,2904140,729283,2137251,1352181,3489432,636,1437,1037,2474,270,364,634,202,160,362,185,4290
UTTAR PRADESH,Mahamaya Nagar,1564708,1397225,159448,1059937,430814,1490751,300,634,379,1013,117,157,274,73,51,124,45,1756
UTTAR PRADESH,Mathura,2547184,2310776,216933,1571793,691359,2263152,429,994,775,1769,181,241,422,179,109,288,116,3025
UTTAR PRADESH,Agra,4418797,3922718,411313,3141380,963202,4104582,735,1846,1594,3440,359,471,830,326,298,624,354,5982
UTTAR PRADESH,Firozabad,2498156,2140745,314812,1673077,672115,2345192,490,1074,575,1649,213,269,482,96,136,232,88,2940
UTTAR PRADESH,Mainpuri,1868529,1746649,100723,1406443,519493,1925936,372,748,401,1149,137,189,326,66,44,110,43,1998
UTTAR PRADESH,Budaun,3681896,2867707,790515,1750054,1946345,3696399,762,1501,603,2104,291,377,668,69,112,181,51,3767
UTTAR PRADESH,Bareilly,4448359,2830768,1536534,2409592,1744527,4154119,807,1794,1114,2908,348,455,803,196,217,413,195,5126
UTTAR PRADESH,Pilibhit,2031007,1449007,489686,1086632,977839,2064471,401,811,401,1212,151,203,354,64,56,120,37,2125
UTTAR PRADESH,Shahjahanpur,3006538,2412595,527581,1594486,1324615,2919101,600,1264,720,1984,233,309,542,146,102,248,69,3441
UTTAR PRADESH,Kheri,4021243,3078262,807600,2274462,1833578,4108040,814,1593,771,2364,287,402,689,118,67,185,55,4109
UTTAR PRADESH,Sitapur,4483992,3555450,893725,2347731,2141696,4489427,888,1749,861,2610,316,440,756,136,81,217,65,4535
UTTAR PRADESH,Hardoi,4092845,3508131,556219,2657604,1481604,4139208,818,1617,808,2425,292,406,698,132,76,208,61,4209
UTTAR PRADESH,Unnao,3108367,2732016,363453,1915619,1130103,3045722,602,1283,852,2135,224,305,529,205,82,287,68,3620
UTTAR PRADESH,Lucknow,4589838,3537787,985070,3094625,1146880,4241505,603,1862,2204,4066,693,530,1223,431,396,827,767,7486
UTTAR PRADESH,Rae Bareli,3405559,2975998,413243,2178952,1286726,3465678,647,1350,933,2283,224,317,541,237,51,288,53,3812
UTTAR PRADESH,Farrukhabad,1885204,1596278,276846,1277039,710960,1987999,359,751,425,1176,141,190,331,73,63,136,56,2058
UTTAR PRADESH,Kannauj,1656616,1375788,273967,1170752,543034,1713786,325,656,331,987,122,166,288,51,43,94,35,1730
UTTAR PRADESH,Etawah,1581810,1457892,113961,1211214,397708,1608922,290,636,417,1053,119,157,276,85,62,147,58,1825
UTTAR PRADESH,Auraiya,1379545,1273546,101963,1063360,276224,1339584,259,549,338,887,97,129,226,83,36,119,20,1510
UTTAR PRADESH,Kanpur Dehat,1796184,1612968,176327,1406418,475166,1881584,343,724,527,1251,115,164,279,146,17,163,20,2056
UTTAR PRADESH,Kanpur Nagar,4581268,3792174,720660,3490778,676306,4167084,1175,2865,2247,5112,594,782,1376,316,512,828,659,9150
UTTAR PRADESH,Jalaun,1689974,1509708,171581,1169557,461666,1631223,323,688,403,1091,129,173,302,72,63,135,55,1906
UTTAR PRADESH,Jhansi,1998603,1823930,147842,1287584,483088,1770672,350,852,666,1518,166,214,380,138,131,269,135,2651
UTTAR PRADESH,Lalitpur,1221592,1163804,33724,674358,509536,1183894,239,483,260,743,87,120,207,47,28,75,22,1287
UTTAR PRADESH,Hamirpur,1104285,1010014,91269,835920,364848,1200768,240,488,250,738,91,123,214,40,33,73,26,1291
UTTAR PRADESH,Mahoba,875958,815142,57454,526669,403649,930318,161,338,176,514,64,85,149,31,30,61,20,904
UTTAR PRADESH,Banda,1799410,1637549,157612,1235531,588025,1823556,348,722,406,1128,130,175,305,84,49,133,32,1949
UTTAR PRADESH,Chitrakoot,991730,955372,34559,616227,383908,1000135,186,378,223,601,65,91,156,49,15,64,13,1019
UTTAR PRADESH,Fatehpur,2632733,2274674,350700,1738210,895178,2633388,539,1076,597,1673,190,266,456,114,43,157,43,2868
UTTAR PRADESH,Pratapgarh,3209141,2731351,452394,2231374,1059636,3291010,602,1281,948,2229,199,286,485,270,24,294,29,3639
UTTAR PRADESH,Kaushambi,1599596,1372381,220423,905188,670750,1575938,312,620,350,970,106,149,255,76,17,93,14,1645
UTTAR PRADESH,Allahabad,5954391,5102041,796756,4061896,1756098,5817994,1075,2389,1820,4209,451,602,1053,379,211,590,300,7224
UTTAR PRADESH,Bara Banki,3260699,2505444,737106,1760720,1540841,3301561,564,1160,767,1927,194,275,469,186,40,226,45,3230
UTTAR PRADESH,Faizabad,2470996,2094271,365806,1670696,981915,2652611,513,1063,698,1761,183,260,443,152,51,203,65,2985
UTTAR PRADESH,Ambedkar Nagar,2397888,1985654,401678,1718855,813502,2532357,511,1031,624,1655,176,248,424,142,35,177,30,2797
UTTAR PRADESH,Sultanpur,3797117,3119590,650261,2310783,1118891,3429674,730,1497,1037,2534,240,347,587,274,28,302,37,4190
UTTAR PRADESH,Bahraich,3487731,2291892,1169330,1381933,1920966,3302899,584,1161,624,1785,204,286,490,119,44,163,37,3060
UTTAR PRADESH,Shrawasti,1117361,768643,343981,375594,701550,1077144,289,565,323,888,93,136,229,74,6,80,5,1491
UTTAR PRADESH,Balrampur,2148665,1333242,805975,876131,1332817,2208948,393,795,496,1291,134,190,324,115,24,139,26,2174
UTTAR PRADESH,Gonda,3433919,2739076,678615,1873028,1620782,3493810,637,1301,864,2165,215,306,521,215,35,250,41,3614
UTTAR PRADESH,Siddharthnagar,2559297,1789704,748073,1467787,1217027,2684814,454,931,632,1563,148,212,360,174,15,189,11,2577
UTTAR PRADESH,Basti,2464464,2082976,364510,1674771,1021192,2695963,478,989,692,1681,158,228,386,185,20,205,24,2775
UTTAR PRADESH,Sant Kabir Nagar,1715183,1300586,404410,1126522,683053,1809575,340,684,416,1100,114,163,277,96,18,114,17,1850
UTTAR PRADESH,Mahrajganj,2684703,2196884,458650,1574418,1252595,2827013,528,1048,619,1667,175,250,425,144,21,165,18,2802
UTTAR PRADESH,Gorakhpur,4440895,4009037,403847,3103910,1453960,4557870,792,1799,1464,3263,304,426,730,365,131,496,175,5455
UTTAR PRADESH,Kushinagar,3564544,2928462,620244,2180924,1550315,3731239,692,1374,836,2210,227,328,555,195,23,218,27,3704
UTTAR PRADESH,Deoria,3100946,2730957,358539,2392325,1130108,3522433,633,1302,867,2169,218,312,530,205,47,252,58,3643
UTTAR PRADESH,Azamgarh,4613913,3878626,718692,4024458,1218146,5242604,870,1882,1425,3307,296,423,719,400,56,456,67,5419
UTTAR PRADESH,Mau,2205968,1769937,428555,1708560,659237,2367797,402,919,688,1607,158,208,366,189,76,265,54,2693
UTTAR PRADESH,Ballia,3239774,3004240,213440,2348254,1032533,3380787,611,1273,901,2174,215,303,518,223,45,268,64,3634
UTTAR PRADESH,Jaunpur,4494204,3981502,483750,3531099,1344789,4875888,845,1824,1389,3213,286,411,697,387,52,439,69,5261
UTTAR PRADESH,Ghazipur,3620268,3233790,368153,2803884,1008996,3812880,702,1443,993,2436,248,343,591,245,40,285,63,4079
UTTAR PRADESH,Chandauli,1952756,1727869,215081,1368472,543247,1911719,383,789,507,1296,133,188,321,121,31,152,30,2183
UTTAR PRADESH,Varanasi,3676841,3107681,546987,2748818,906367,3655185,616,1533,1401,2934,304,391,695,299,214,513,302,5059
UTTAR PRADESH,Sant Ravidas Nagar (Bhadohi),1578213,1368291,203887,1166830,552958,1719788,307,648,464,1112,108,154,262,113,30,143,38,1863
UTTAR PRADESH,Mirzapur,2496970,2292534,195765,1691126,868542,2559668,489,1024,679,1703,176,245,421,160,52,212,52,2875
UTTAR PRADESH,Sonbhadra,1862559,1738769,103567,1092648,745126,1837774,323,774,631,1405,130,173,303,178,69,247,59,2337
UTTAR PRADESH,Etah,1774480,1611126,146346,1048892,718310,1767202,679,1347,602,1949,256,348,604,66,93,159,71,3461
UTTAR PRADESH,Kanshiram Nagar,1436719,1211427,213822,823625,648166,1471791,510,1061,666,1727,185,256,441,150,56,206,51,2935
BIHAR,Pashchim Champaran,3935042,3047427,865090,2182688,1710878,3893566,935,1347,621,1968,138,21,159,30,49,79,40,3181
BIHAR,Purba Champaran,5099371,4086453,990349,3150588,2142757,5293345,1194,1754,797,2551,223,18,241,25,40,65,47,4098
BIHAR,Sheohar,656246,552492,99342,308989,348078,657067,173,211,90,301,4,1,5,2,3,5,4,489
BIHAR,Sitamarhi,3423574,2672311,740101,1635891,1852765,3488656,866,1150,520,1670,69,10,79,14,22,36,29,2679
BIHAR,Madhubani,4487379,3652168,818912,2698989,2003079,4702068,1090,1535,668,2203,165,7,172,10,17,27,26,3520
BIHAR,Supaul,2229076,1809936,409251,1116063,1220268,2336331,533,797,350,1147,114,5,119,8,12,20,15,1836
BIHAR,Araria,2811569,1593525,1207442,1485840,1653766,3139606,708,866,375,1241,24,9,33,12,20,32,22,2035
BIHAR,Kishanganj,1690400,531236,1149095,769119,945397,1714516,402,574,260,834,55,9,64,13,20,33,14,1347
BIHAR,Purnia,3264619,1989420,1255641,1486857,1798786,3285643,822,1115,521,1636,74,16,90,22,35,57,36,2641
BIHAR,Katihar,3071029,1684589,1365645,1445438,1705551,3150989,732,1069,491,1560,124,14,138,20,33,53,31,2516
BIHAR,Madhepura,2001762,1753829,241760,875510,1202278,2077788,487,651,285,936,45,3,48,4,7,11,12,1494
BIHAR,Saharsa,1900661,1629254,266620,855188,1151349,2006537,464,672,311,983,78,8,86,11,18,29,21,1582
BIHAR,Darbhanga,3937385,3042729,881476,2028545,2203198,4231743,994,1489,695,2184,211,16,227,23,37,60,49,3514
BIHAR,Muzaffarpur,4801062,4032773,745546,2903794,1924438,4828232,1064,1719,828,2547,322,22,344,30,49,79,70,4105
BIHAR,Gopalganj,2562012,2119262,436057,1736879,977719,2714598,596,1022,458,1480,229,9,238,12,20,32,25,2370
BIHAR,Siwan,3330464,2712635,608282,2421121,1207119,3628240,734,1292,596,1888,318,9,327,13,21,34,32,3014
BIHAR,Saran,3951862,3534772,406449,2653504,1313700,3967204,892,1553,726,2279,355,19,374,27,43,70,52,3667
BIHAR,Vaishali,3495021,3152346,333980,2271286,1479152,3750438,773,1254,573,1827,240,12,252,17,27,44,35,2930
BIHAR,Samastipur,4261566,3800598,452370,2549708,1996651,4546359,1005,1534,661,2195,248,6,254,8,13,21,23,3500
BIHAR,Begusarai,2970541,2554330,407348,1822334,1242551,3064885,751,1029,447,1476,92,5,97,5,8,13,18,2354
BIHAR,Khagaria,1666886,1486989,175588,925251,903323,1828574,406,535,245,780,28,5,33,7,11,18,16,1254
BIHAR,Bhagalpur,3037766,2487866,537098,1976417,1139715,3116132,667,1127,593,1720,215,30,245,42,69,111,70,2814
BIHAR,Banka,2034763,1772655,250925,1214645,879831,2094476,510,764,325,1089,112,4,116,5,8,13,10,1738
BIHAR,Munger,1367765,1252319,110416,849734,498676,1348410,287,554,307,861,137,20,157,29,46,75,42,1424
BIHAR,Lakhisarai,1000912,956396,40886,597955,450967,1048922,222,376,181,557,75,8,83,11,17,28,15,904
BIHAR,Sheikhpura,636342,596102,37653,409518,305609,715127,153,231,116,347,30,5,35,7,12,19,12,565
BIHAR,Nalanda,2877653,2669775,198033,1985188,1324385,3309573,624,1064,523,1587,216,22,238,31,51,82,48,2578
BIHAR,Patna,5838465,5356075,439952,4920726,2590473,7511199,1091,2325,1877,4202,692,129,821,180,293,473,476,7065
BIHAR,Bhojpur,2728407,2518216,197819,2172525,1005140,3177665,602,1068,535,1603,243,21,264,30,48,78,53,2600
BIHAR,Buxar,1706352,1591454,105423,1344677,457814,1802491,392,653,313,966,135,8,143,12,19,31,25,1556
BIHAR,Kaimur (Bhabua),1626384,1456229,155283,1138560,551317,1689877,363,584,252,836,113,3,116,4,6,10,9,1331
BIHAR,Rohtas,2959918,2645415,300487,2188753,876443,3065196,299,588,363,951,167,20,187,28,45,73,46,1555
BIHAR,Aurangabad,2540073,2291133,237353,1833998,784131,2618129,585,940,435,1375,170,12,182,17,27,44,29,2215
BIHAR,Gaya,4391418,3876395,488121,2784730,1953368,4738098,979,1650,813,2463,330,32,362,45,73,118,75,3998
BIHAR,Nawada,2219146,1964620,244394,1489517,1091439,2580956,561,820,374,1194,98,10,108,14,23,37,22,1924
BIHAR,Jamui,1760405,1525746,217621,1085477,765297,1850774,396,654,291,945,130,7,137,9,15,24,14,1516
BIHAR,Jehanabad,1125313,1045117,75742,725997,495877,1221874,248,408,190,598,81,5,86,6,10,16,13,960
BIHAR,Arwal,700843,634099,64259,482480,290095,772575,149,265,126,391,68,4,72,5,6,11,0,621
SIKKIM,North  District,43709,14883,815,27382,7673,35055,10,27,16,43,5,7,12,0,0,0,0,64
SIKKIM,West District,136435,75286,965,103120,28227,131347,33,79,38,117,15,17,32,0,0,0,0,182
SIKKIM,South District,146850,84583,1889,105203,24395,129598,32,85,54,139,15,21,36,3,0,3,0,210
SIKKIM,East District,283583,177910,6198,205028,38142,243170,67,133,107,240,52,39,91,16,15,31,29,457
ARUNACHAL PRADESH,Tawang,49977,11842,787,19838,19203,39041,52,161,70,231,28,21,49,6,6,12,4,348
ARUNACHAL PRADESH,West Kameng,83947,31265,1970,40193,25606,65799,52,161,70,231,28,21,49,6,6,12,4,348
ARUNACHAL PRADESH,East Kameng,78690,12333,652,44247,31763,76010,52,161,70,231,28,21,49,6,6,12,4,348
ARUNACHAL PRADESH,Papum Pare,176573,57027,6148,110815,30360,141175,68,193,192,385,64,41,105,21,25,46,40,644
ARUNACHAL PRADESH,Upper Subansiri,83448,13474,521,64790,28364,93154,52,161,70,231,28,21,49,6,6,12,4,348
ARUNACHAL PRADESH,West Siang,112274,15881,2218,74220,27956,102176,52,161,70,231,28,21,49,6,6,12,4,348
ARUNACHAL PRADESH,East Siang,99214,27854,2289,65119,21543,86662,68,193,192,385,64,41,105,21,25,46,40,644
ARUNACHAL PRADESH,Upper Siang,35320,5261,411,20992,11209,32201,52,161,70,231,28,21,49,6,6,12,4,348
ARUNACHAL PRADESH,Changlang,148226,47683,2134,80456,57290,137746,52,161,70,231,28,21,49,6,6,12,4,348
ARUNACHAL PRADESH,Tirap,111975,20682,1103,57106,50628,107734,52,161,70,231,28,21,49,6,6,12,4,348
ARUNACHAL PRADESH,Lower Subansiri,83030,9551,1482,54034,17273,71307,52,161,70,231,28,21,49,6,6,12,4,348
ARUNACHAL PRADESH,Kurung Kumey,92076,4859,471,53659,42621,96280,52,161,70,231,28,21,49,6,6,12,4,348
ARUNACHAL PRADESH,Dibang Valley,8004,3141,111,4926,2185,7111,68,193,192,385,64,41,105,21,25,46,40,644
ARUNACHAL PRADESH,Lower Dibang Valley,54080,28915,2247,33141,14406,47547,52,161,70,231,28,21,49,6,6,12,4,348
ARUNACHAL PRADESH,Lohit,145726,99020,3846,91574,52421,143995,52,161,70,231,28,21,49,6,6,12,4,348
ARUNACHAL PRADESH,Anjaw,21167,13088,655,10555,8723,19278,52,161,70,231,28,21,49,6,6,12,4,348
NAGALAND,Mon,250260,8102,3444,127058,130529,257587,79,210,42,252,33,3,36,4,6,10,5,381
NAGALAND,Mokokchung,194622,9840,2057,169448,22555,192003,53,169,63,232,32,5,37,6,10,16,8,346
NAGALAND,Zunheboto,140757,2580,772,115295,25988,141283,36,132,56,188,25,8,33,7,11,18,1,275
NAGALAND,Wokha,166343,5605,2043,131916,25048,156964,42,161,78,239,30,12,42,14,20,34,0,359
NAGALAND,Dimapur,378811,108900,31212,277956,58926,336882,52,213,308,521,100,46,146,31,43,74,74,866
NAGALAND,Phek,163418,3563,950,112110,44456,156566,35,112,37,149,22,3,25,3,5,8,3,219
NAGALAND,Tuensang,196596,2979,1052,127913,66450,194363,35,116,40,156,23,2,25,3,4,7,4,228
NAGALAND,Longleng,50484,873,635,34305,18230,52535,25,81,19,100,16,1,17,0,0,0,0,142
NAGALAND,Kiphire,74004,1040,564,48911,32120,81031,19,105,33,138,18,21,39,29,0,29,0,225
NAGALAND,Kohima,267988,25496,4384,201718,45802,247520,59,218,190,408,90,24,114,19,26,45,51,677
NAGALAND,Peren,95219,4076,1850,68771,24790,93561,4,13,21,34,3,4,7,1,0,1,0,45
MANIPUR,Senapati,479148,43833,1649,347896,191001,538897,62,502,165,667,71,24,95,0,0,0,0,823
MANIPUR,Tamenglong,140651,2995,589,103294,45317,148611,51,29,10,39,0,0,0,0,0,0,0,90
MANIPUR,Churachandpur,274143,12034,2886,243125,57561,300686,42,242,17,259,26,0,26,0,0,0,0,327
MANIPUR,Bishnupur,237399,175102,18691,175322,67610,242932,77,46,56,102,9,13,22,16,9,25,0,226
MANIPUR,Thoubal,422168,267146,107323,315532,118088,433620,97,229,108,337,32,24,56,30,20,50,0,539
MANIPUR,Imphal West,517992,387497,24298,432815,87248,520063,237,0,0,0,0,0,0,0,0,0,0,237
MANIPUR,Imphal East,456113,274906,80199,369343,90250,459593,47,113,407,520,102,50,152,22,18,40,36,795
MANIPUR,Ukhrul,183998,7553,1115,158906,42156,201062,79,0,0,0,0,0,0,0,0,0,0,79
MANIPUR,Chandel,144182,10810,3086,115663,38191,153854,24,147,44,191,22,6,28,4,2,6,0,250
MIZORAM,Mamit,86364,2989,1782,64717,20091,84808,14,42,23,65,7,9,16,0,0,0,0,94
MIZORAM,Kolasib,83955,4000,4426,65726,14217,79943,9,39,49,88,8,10,18,8,11,19,10,142
MIZORAM,Aizawl,400309,13249,5264,347470,38248,385718,46,186,306,492,141,48,189,47,64,111,125,963
MIZORAM,Champhai,125745,1075,699,101684,15449,117133,22,63,51,114,13,10,23,7,11,18,10,187
MIZORAM,Serchhip,64937,991,335,54133,5963,60096,10,37,37,74,6,9,15,6,9,15,4,118
MIZORAM,Lunglei,161428,5231,1290,124314,32451,156765,26,84,80,164,22,17,39,11,16,27,18,274
MIZORAM,Lawngtlai,117894,1668,522,74574,54874,129448,30,87,60,147,17,14,31,11,18,29,4,242
MIZORAM,Saiha,56574,933,514,47873,8787,56660,18,32,17,49,10,2,12,2,3,5,4,88
TRIPURA,West Tripura,1725739,1512801,152791,1464673,279053,1743726,297,909,779,1688,255,221,476,72,96,168,188,2817
TRIPURA,South Tripura,876001,736015,49258,691125,188363,879488,170,455,259,714,92,96,188,10,13,23,23,1118
TRIPURA,Dhalai,378230,307120,8256,260948,109130,370078,65,187,121,308,31,45,76,7,0,7,0,455
TRIPURA,North Tripura,693947,507967,105737,559122,156840,715962,139,349,171,520,78,58,136,11,15,26,26,848
MEGHALAYA,West Garo Hills,643291,122936,106788,420622,208900,629522,127,355,148,503,66,49,115,11,16,27,17,791
MEGHALAYA,East Garo Hills,317917,17272,3359,218602,100781,319383,58,191,101,292,32,37,69,13,19,32,0,450
MEGHALAYA,South Garo Hills,142334,7036,1050,95846,44849,140695,26,70,22,92,13,10,23,0,0,0,0,139
MEGHALAYA,West Khasi Hills,383461,6498,1533,251275,133244,384519,76,216,88,304,40,29,69,9,15,24,6,479
MEGHALAYA,Ribhoi,258840,30945,1838,179674,78974,258648,40,137,89,226,22,31,53,7,3,10,4,333
MEGHALAYA,East Khasi Hills,825922,144935,14185,634037,168575,802612,113,413,432,845,158,98,256,48,65,113,128,1456
MEGHALAYA,Jaintia Hills,395124,12456,1646,215217,165184,380401,63,213,141,354,38,48,86,10,6,16,9,528
ASSAM,Kokrajhar,887142,529068,252271,576006,340601,916607,52,161,70,231,28,21,49,6,6,12,4,348
ASSAM,Dhubri,1949258,388380,1553023,1007337,992068,1999405,52,161,70,231,28,21,49,6,6,12,4,348
ASSAM,Goalpara,1008183,347878,579929,657440,375071,1032511,52,161,70,231,28,21,49,6,6,12,4,348
ASSAM,Barpeta,1693622,492966,1198036,1083591,664161,1747752,52,161,70,231,28,21,49,6,6,12,4,348
ASSAM,Morigaon,957423,451882,503257,635582,351756,987338,52,161,70,231,28,21,49,6,6,12,4,348
ASSAM,Nagaon,2823768,1225246,1563203,1999919,873197,2873116,52,161,70,231,28,21,49,6,6,12,4,348
ASSAM,Sonitpur,1924110,1422824,350536,1298039,627141,1925180,52,161,70,231,28,21,49,6,6,12,4,348
ASSAM,Lakhimpur,1042137,797130,193476,795681,275677,1071358,52,161,70,231,28,21,49,6,6,12,4,348
ASSAM,Dhemaji,686133,655052,13475,521393,194984,716377,52,161,70,231,28,21,49,6,6,12,4,348
ASSAM,Tinsukia,1327929,1181347,48373,910252,417081,1327333,52,161,70,231,28,21,49,6,6,12,4,348
ASSAM,Dibrugarh,1326335,1198401,64526,983760,340744,1324504,52,161,70,231,28,21,49,6,6,12,4,348
ASSAM,Sivasagar,1151050,1007277,95553,918834,247114,1165948,52,161,70,231,28,21,49,6,6,12,4,348
ASSAM,Jorhat,1092256,1008219,54684,892694,209170,1101864,52,161,70,231,28,21,49,6,6,12,4,348
ASSAM,Golaghat,1066888,917426,90312,820800,258897,1079697,52,161,70,231,28,21,49,6,6,12,4,348
ASSAM,Karbi Anglong,956313,766000,20290,676227,310093,986320,52,161,70,231,28,21,49,6,6,12,4,348
ASSAM,Dima Hasao,214102,143593,4358,163188,57631,220819,68,193,192,385,64,41,105,21,25,46,40,644
ASSAM,Cachar,1736617,1038985,654816,1378531,357907,1736438,52,161,70,231,28,21,49,6,6,12,4,348
ASSAM,Karimganj,1228686,521962,692489,935508,303785,1239293,52,161,70,231,28,21,49,6,6,12,4,348
ASSAM,Hailakandi,659296,251194,397653,500042,173306,673348,52,161,70,231,28,21,49,6,6,12,4,348
ASSAM,Bongaigaon,738804,359145,371033,479431,260721,740152,52,161,70,231,28,21,49,6,6,12,4,348
ASSAM,Chirang,482162,320647,109248,305630,172939,478569,52,161,70,231,28,21,49,6,6,12,4,348
ASSAM,Kamrup,1517542,877495,601784,1142942,392678,1535620,52,161,70,231,28,21,49,6,6,12,4,348
ASSAM,Kamrup Metropolitan,1253938,1064412,151071,985863,128773,1114636,142,93,153,246,70,24,94,24,32,56,62,600
ASSAM,Nalbari,771639,491582,277488,606629,188960,795589,52,161,70,231,28,21,49,6,6,12,4,348
ASSAM,Baksa,950075,782901,135750,684211,294784,978995,52,161,70,231,28,21,49,6,6,12,4,348
ASSAM,Darrang,928500,327322,597392,575240,375556,950796,52,161,70,231,28,21,49,6,6,12,4,348
ASSAM,Udalguri,831668,612425,105319,532576,306833,839409,52,161,70,231,28,21,49,6,6,12,4,348
WEST BENGAL,Darjiling,1846823,1366681,105086,1343837,415353,1759190,366,837,754,1591,322,233,555,131,245,376,257,3146
WEST BENGAL,Jalpaiguri,3872846,3156781,445817,2626587,1203423,3830010,863,1859,1088,2947,530,202,732,168,336,504,114,5160
WEST BENGAL,Koch Bihar,2819086,2087766,720033,1971757,873135,2844892,695,1192,601,1793,141,87,228,61,118,179,72,2966
WEST BENGAL,Uttar Dinajpur,3007134,1482943,1501170,1622095,1431264,3053359,710,1306,641,1947,220,79,299,79,159,238,20,3214
WEST BENGAL,Dakshin Dinajpur,1676276,1232850,412788,1155081,534394,1689475,429,810,412,1222,152,57,209,51,104,155,23,2039
WEST BENGAL,Maldah,3988845,1914352,2045151,2161924,1960034,4121958,946,1764,833,2597,283,95,378,63,121,184,86,4191
WEST BENGAL,Murshidabad,7103807,2359061,4707573,4346870,3031841,7378711,1645,3099,1663,4762,597,268,865,220,441,661,153,8088
WEST BENGAL,Birbhum,3502404,2181515,1298054,2200345,1346802,3547147,791,1609,790,2399,346,100,446,59,112,171,105,3911
WEST BENGAL,Barddhaman,7717563,6008472,1599764,5449930,2196886,7646816,1379,3561,3277,6838,1655,953,2608,642,1244,1886,835,13547
WEST BENGAL,Nadia,5167600,3728482,1382682,3635454,1570127,5205581,1160,2429,1520,3949,675,321,996,237,466,703,240,7048
WEST BENGAL,North Twenty Four Parganas,10009781,7352769,2584684,7700502,1901634,9602136,1621,4743,5436,10179,2749,1912,4661,1267,2446,3713,1719,21892
WEST BENGAL,Hugli,5519145,4574569,870204,4297751,1180806,5478557,1048,2658,2224,4882,1163,601,1764,436,857,1293,463,9450
WEST BENGAL,Bankura,3596674,3033581,290450,2241357,1417787,3659144,818,1684,785,2469,362,82,444,51,96,147,82,3959
WEST BENGAL,Puruliya,2930115,2373120,227249,1664428,1272799,2937227,640,1332,670,2002,313,90,403,65,127,192,71,3309
WEST BENGAL,Haora,4850029,3535844,1270641,3733165,926661,4659826,760,2195,2364,4559,1255,720,1975,535,1055,1590,529,9414
WEST BENGAL,Kolkata,4496694,3440290,926414,3436193,410988,3847181,363,1472,4507,5979,2097,2287,4384,863,1402,2265,3383,16375
WEST BENGAL,South Twenty Four Parganas,8161961,5155545,2903075,5802160,2184508,7986668,1744,3821,2146,5967,1105,361,1466,326,663,989,147,10313
WEST BENGAL,Paschim Medinipur,5913457,5056953,620554,4247835,1689984,5937819,1321,2679,1404,4083,614,214,828,122,251,373,224,6829
WEST BENGAL,Purba Medinipur,5095875,4343972,743436,4181579,1021541,5203120,1140,2327,1220,3547,543,187,730,106,216,322,197,5935
JHARKHAND,Garhwa,1322784,1104475,194680,716376,557852,1274228,321,447,182,629,46,3,49,4,6,10,10,1017
JHARKHAND,Chatra,1042886,903179,116710,587378,467975,1055353,230,356,150,506,59,2,61,3,6,9,10,817
JHARKHAND,Kodarma,716259,605138,107018,442871,297992,740863,132,238,119,357,55,5,60,7,12,19,18,588
JHARKHAND,Giridih,2445474,1856202,508586,1496125,1047685,2543810,613,1029,440,1469,207,13,220,18,30,48,34,2384
JHARKHAND,Deoghar,1492073,1165140,302626,875351,635544,1510895,329,518,254,772,86,9,95,13,21,34,36,1267
JHARKHAND,Godda,1313551,937126,289182,696847,653464,1350311,299,468,189,657,81,3,84,4,6,10,9,1057
JHARKHAND,Sahibganj,1150567,628044,398243,531397,637296,1168693,276,404,178,582,47,7,54,9,15,24,17,954
JHARKHAND,Pakur,900422,410127,322963,370163,548434,918597,212,301,125,426,33,2,35,3,5,8,8,691
JHARKHAND,Dhanbad,2684487,2149480,431762,1882625,662522,2545147,529,1305,966,2271,393,101,494,141,230,371,288,3954
JHARKHAND,Bokaro,2062330,1636460,241451,1448037,595924,2043961,539,1267,818,2085,360,87,447,121,197,318,213,3604
JHARKHAND,Lohardaga,461790,112378,95012,306651,188323,494974,108,161,75,236,21,3,24,4,7,11,9,388
JHARKHAND,Purbi Singhbhum,2293919,1550178,203999,1542160,525916,2068076,415,971,765,1736,300,65,365,91,148,239,234,2990
JHARKHAND,Palamu,1939869,1683169,238295,1163521,803424,1966945,411,654,283,937,118,5,123,7,12,19,23,1515
JHARKHAND,Latehar,726978,473049,69808,404807,349277,754084,146,238,100,338,47,2,49,3,5,8,7,547
JHARKHAND,Hazaribagh,1734495,1397227,281247,1191615,613774,1805389,595,1091,578,1669,252,33,285,46,74,120,101,2769
JHARKHAND,Ramgarh,949443,774251,129037,612505,292062,904567,543,1186,840,2026,337,70,407,98,159,257,233,3466
JHARKHAND,Dumka,1321442,1044726,106865,743623,601078,1344701,376,574,244,818,90,4,94,6,10,16,18,1323
JHARKHAND,Jamtara,791042,550560,164406,428897,366012,794909,150,234,101,335,39,2,41,3,4,7,8,540
JHARKHAND,Ranchi,2914253,1612239,410759,2246309,613855,2860164,674,1319,938,2257,351,58,409,81,131,212,253,3805
JHARKHAND,Khunti,531885,138863,13122,323630,177856,501486,285,458,207,665,81,7,88,9,15,24,22,1084
JHARKHAND,Gumla,1025213,309563,51429,715941,322119,1038060,242,370,155,525,59,3,62,4,6,10,10,849
JHARKHAND,Simdega,599578,201524,15103,397514,191341,588855,148,214,92,306,26,2,28,3,5,8,7,496
JHARKHAND,Pashchimi Singhbhum,1502338,423937,38103,1080692,279016,1359708,360,584,287,871,109,10,119,14,22,36,40,1426
JHARKHAND,Saraikela-Kharsawan,1065056,709016,63588,759828,228943,988771,180,355,174,529,91,11,102,16,25,41,26,878
ORISSA,Bargarh,1481255,1459065,7527,1026479,442733,1469212,486,517,209,726,166,107,273,19,30,49,17,1551
ORISSA,Jharsuguda,579505,553587,12783,408064,143508,551572,157,265,194,459,70,71,141,34,55,89,26,870
ORISSA,Sambalpur,1041099,964188,20120,708229,282248,990477,282,454,356,810,125,137,262,41,66,107,88,1548
ORISSA,Debagarh,312520,296001,704,211539,108811,320350,100,103,42,145,34,21,55,4,6,10,4,313
ORISSA,Sundargarh,2093437,1532352,71391,1388888,660465,2049353,564,943,713,1656,244,261,505,109,177,286,119,3130
ORISSA,Kendujhar,1801733,1752694,27752,1091044,700661,1791705,533,699,384,1083,191,184,375,37,59,96,63,2150
ORISSA,Mayurbhanj,2519738,2113079,33706,1455985,1094844,2550829,799,951,388,1339,269,232,501,29,48,77,31,2747
ORISSA,Baleshwar,2320529,2197709,94254,1742405,628627,2371032,728,889,420,1309,255,215,470,42,68,110,46,2664
ORISSA,Bhadrak,1506337,1398543,104202,1232900,323145,1556045,485,580,252,832,171,134,305,28,46,74,14,1711
ORISSA,Kendrapara,1440361,1386792,50247,1242976,294723,1537699,455,541,209,750,151,134,285,14,23,37,13,1540
ORISSA,Jagatsinghapur,1136971,1086140,46929,997813,209984,1207797,353,465,233,698,136,128,264,17,28,45,43,1403
ORISSA,Cuttack,2624470,2457729,141263,2062622,472182,2534804,743,1167,851,2018,305,324,629,116,189,305,157,3852
ORISSA,Jajapur,1827192,1725595,93642,1452260,460953,1913213,560,685,261,946,183,178,361,13,21,34,19,1921
ORISSA,Dhenkanal,1192811,1185542,4805,859997,341887,1201884,373,453,202,655,129,111,240,17,28,45,21,1334
ORISSA,Anugul,1273821,1258684,7512,899985,347851,1247836,378,536,286,822,136,149,285,29,47,76,39,1600
ORISSA,Nayagarh,962789,955754,5278,745059,232558,977617,306,345,125,470,101,80,181,8,12,20,7,984
ORISSA,Khordha,2251673,2147632,84060,1945913,371244,2317157,550,1022,1105,2127,427,328,755,143,230,373,379,4186
ORISSA,Puri,1698730,1644905,46094,1395194,309790,1704984,515,663,347,1010,188,163,351,42,67,109,40,2027
ORISSA,Ganjam,3529031,3486059,13315,2340777,1055331,3396108,1066,1419,785,2204,396,357,753,97,158,255,99,4377
ORISSA,Gajapati,577817,353160,1556,268110,335821,603931,193,198,88,286,68,38,106,10,16,26,9,617
ORISSA,Kandhamal,733110,580300,2138,450614,287948,738562,251,238,93,331,85,42,127,8,12,20,9,739
ORISSA,Baudh,441162,438152,1007,293176,146392,439568,147,131,45,176,49,20,69,3,5,8,3,405
ORISSA,Subarnapur,610183,605225,1566,444510,167244,611754,190,209,83,292,64,46,110,7,12,19,5,615
ORISSA,Balangir,1648997,1618175,7811,985398,721389,1706787,472,513,237,750,167,105,272,27,44,71,23,1588
ORISSA,Nuapada,610382,601092,4952,338480,316086,654566,52,78,28,106,18,24,42,2,1,3,2,205
ORISSA,Kalahandi,1576869,1555367,4975,780451,765368,1545819,498,520,207,727,170,104,274,18,30,48,15,1562
ORISSA,Rayagada,967911,874445,4607,346980,583140,930120,290,356,172,528,104,82,186,21,34,55,15,1074
ORISSA,Nabarangapur,1220946,1178005,6753,442532,739190,1181722,412,329,100,429,143,17,160,11,18,29,5,1035
ORISSA,Koraput,1379647,1294151,8850,547812,770707,1318519,437,458,254,712,162,82,244,35,57,92,35,1519
ORISSA,Malkangiri,613192,600219,1871,204863,390356,595219,176,192,75,267,59,42,101,6,10,16,5,564
CHHATTISGARH,Koriya,658917,604259,25878,457761,179639,637400,146,293,236,529,53,28,81,22,37,59,38,852
CHHATTISGARH,Surguja,2359886,2126195,81442,1299718,991866,2291584,530,946,725,1671,159,22,181,17,28,45,36,2462
CHHATTISGARH,Jashpur,851669,629509,15336,529825,328438,858263,196,342,246,588,46,5,51,4,7,11,11,856
CHHATTISGARH,Raigarh,1493984,1422986,17332,1017307,460166,1477473,325,594,446,1040,82,27,109,21,34,55,45,1575
CHHATTISGARH,Korba,1206640,1133176,30195,780221,410186,1190407,246,521,416,937,101,63,164,54,88,142,75,1565
CHHATTISGARH,Janjgir - Champa,1619707,1597089,14173,1086541,587734,1674275,345,622,429,1051,73,25,98,21,34,55,33,1581
CHHATTISGARH,Bilaspur,2663629,2540763,57973,1624001,943112,2567113,477,952,870,1822,232,82,314,75,99,174,195,2981
CHHATTISGARH,Kabeerdham,822526,776013,12206,418867,376852,795719,166,270,145,415,6,8,14,6,10,16,12,622
CHHATTISGARH,Rajnandgaon,1537133,1399658,23648,1062864,467554,1530418,334,624,427,1051,68,40,108,34,55,89,52,1633
CHHATTISGARH,Durg,3343872,3129745,83499,2363288,823501,3186789,649,1369,1164,2533,233,173,406,135,219,354,266,4209
CHHATTISGARH,Raipur,4063872,3881485,103038,2674728,1247434,3922162,716,1465,1310,2775,263,161,424,131,195,326,320,4561
CHHATTISGARH,Mahasamund,1032754,1008061,12570,702532,384764,1087296,232,404,238,642,14,17,31,14,23,37,20,964
CHHATTISGARH,Dhamtari,799781,777188,10425,572304,214637,786941,198,322,174,496,12,17,29,13,21,34,26,782
CHHATTISGARH,Uttar Bastar Kanker,748941,627460,6040,474799,243039,717838,176,305,208,513,33,5,38,4,7,11,9,748
CHHATTISGARH,Bastar,1413199,1277975,12413,656234,729550,1385784,353,622,406,1028,47,22,69,17,27,44,36,1529
CHHATTISGARH,Narayanpur,139820,129161,776,53657,78331,131988,293,528,383,911,71,23,94,19,30,49,40,1387
CHHATTISGARH,Dakshin Bastar Dantewada,533638,513915,6437,152961,336963,489924,182,334,279,613,79,8,87,7,12,19,9,909
CHHATTISGARH,Bijapur,255230,245151,1617,80069,163278,243347,293,528,383,911,71,23,94,19,30,49,40,1387
MADHYA PRADESH,Sheopur,687861,638702,41396,285152,393141,678293,156,289,174,463,10,14,24,12,20,32,16,693
MADHYA PRADESH,Morena,1965970,1875495,76159,1168209,706917,1875126,473,789,380,1169,40,55,95,47,76,123,66,1924
MADHYA PRADESH,Bhind,1703005,1595400,66776,957870,388473,1346343,379,712,411,1123,44,57,101,52,84,136,47,1786
MADHYA PRADESH,Gwalior,2032036,1835299,141735,1253339,554486,1807825,330,797,823,1620,147,153,300,129,201,330,249,2830
MADHYA PRADESH,Datia,786754,747693,28483,513988,260076,774064,202,385,237,622,19,25,44,22,36,58,25,951
MADHYA PRADESH,Shivpuri,1726050,1648749,51200,794589,719547,1514136,407,750,454,1204,30,42,72,35,58,93,52,1827
MADHYA PRADESH,Tikamgarh,1445166,1383475,44143,711045,659348,1370393,328,630,429,1059,50,35,85,31,51,82,36,1591
MADHYA PRADESH,Chhatarpur,1762375,1676918,70351,925604,770268,1695872,413,771,468,1239,42,58,100,50,81,131,64,1947
MADHYA PRADESH,Panna,1016520,974748,35214,557003,427997,985000,238,438,269,707,12,17,29,14,23,37,23,1034
MADHYA PRADESH,Sagar,2378458,2198297,103480,1554882,711804,2266686,525,1037,716,1753,67,95,162,80,129,209,123,2771
MADHYA PRADESH,Damoh,1264219,1186420,47966,771117,469038,1240155,287,547,354,901,26,33,59,29,46,75,36,1359
MADHYA PRADESH,Satna,2228935,2158623,59471,1450133,715509,2165642,487,963,766,1729,130,66,196,55,89,144,86,2641
MADHYA PRADESH,Rewa,2365106,2268838,85414,1508142,766166,2274308,511,1000,831,1831,154,55,209,46,72,118,86,2756
MADHYA PRADESH,Umaria,644758,620515,15966,351218,230782,582000,128,250,209,459,42,14,56,11,19,30,19,692
MADHYA PRADESH,Neemuch,826067,741288,67324,519073,289113,808186,182,367,291,658,46,32,78,26,43,69,41,1026
MADHYA PRADESH,Mandsaur,1340411,1192588,125548,855816,467002,1322818,326,600,368,968,24,35,59,29,46,75,47,1475
MADHYA PRADESH,Ratlam,1455069,1267043,151071,819266,622153,1441419,318,631,448,1079,40,58,98,47,77,124,81,1700
MADHYA PRADESH,Ujjain,1986864,1718204,233133,1148280,659279,1807559,417,879,721,1600,103,106,209,87,142,229,145,2599
MADHYA PRADESH,Shajapur,1512681,1321003,174724,890916,544791,1435707,351,671,423,1094,37,39,76,36,58,94,33,1647
MADHYA PRADESH,Dewas,1563715,1376591,174259,897959,565365,1463324,334,679,531,1210,86,61,147,52,84,136,73,1899
MADHYA PRADESH,Dhar,2185793,2051219,116202,978149,1021851,2000000,453,897,729,1626,144,56,200,47,77,124,66,2470
MADHYA PRADESH,Indore,3276697,2728225,415142,2366526,718174,3084700,539,1438,1696,3134,456,323,779,292,424,716,615,5783
MADHYA PRADESH,Khargone (West Nimar),1873046,1725441,135085,969875,932619,1902494,429,804,523,1327,36,39,75,33,54,87,50,1968
MADHYA PRADESH,Barwani,1385881,1318869,58222,503604,825034,1328638,315,561,321,882,19,26,45,22,36,58,35,1336
MADHYA PRADESH,Rajgarh,1545814,1433879,106928,742583,706958,1449541,341,652,436,1088,53,35,88,32,52,84,30,1629
MADHYA PRADESH,Vidisha,1458875,1287391,149548,816456,512311,1328767,332,631,395,1026,32,44,76,38,62,100,48,1583
MADHYA PRADESH,Bhopal,2371061,1755861,525434,1506450,462581,1969031,354,977,1211,2188,418,238,656,237,312,549,552,4298
MADHYA PRADESH,Sehore,1311332,1163607,137980,765195,508396,1273591,293,564,395,959,50,32,82,28,45,73,35,1442
MADHYA PRADESH,Raisen,1331597,1195235,120331,832809,444877,1277686,311,596,368,964,30,37,67,34,55,89,28,1460
MADHYA PRADESH,Betul,1575362,1505745,37590,982706,603098,1585804,344,678,541,1219,103,40,143,34,56,90,47,1845
MADHYA PRADESH,Harda,570465,527462,38640,347639,177731,525370,128,240,159,399,14,16,30,14,21,35,28,619
MADHYA PRADESH,Hoshangabad,1241350,1175203,52269,791254,344492,1135746,276,559,410,969,44,55,99,46,75,121,70,1535
MADHYA PRADESH,Katni,1292042,1240650,37232,820953,465374,1286327,266,528,437,965,79,36,115,30,48,78,52,1476
MADHYA PRADESH,Jabalpur,2463289,2159065,203652,1685390,540029,2225419,471,1105,1084,2189,171,199,370,167,261,428,318,3776
MADHYA PRADESH,Narsimhapur,1091854,1038628,39048,720174,356987,1077161,254,483,333,816,32,26,58,21,35,56,35,1218
MADHYA PRADESH,Dindori,704524,605435,6736,398176,295655,693831,151,274,185,459,21,4,25,4,5,9,7,652
MADHYA PRADESH,Mandla,1054905,849518,16558,623632,376944,1000576,230,427,290,717,29,15,44,12,19,31,20,1043
MADHYA PRADESH,Chhindwara,2090922,1923920,100692,1353819,663446,2017265,455,914,704,1618,117,73,190,63,103,166,83,2513
MADHYA PRADESH,Seoni,1379131,1145052,79739,879546,458811,1338357,306,567,375,942,30,20,50,16,27,43,28,1369
MADHYA PRADESH,Balaghat,1701698,1519384,38542,1215160,493415,1708575,347,668,472,1140,68,35,103,32,51,83,35,1709
MADHYA PRADESH,Guna,1241519,1172248,49203,618849,578034,1196883,254,498,347,845,33,38,71,32,52,84,48,1302
MADHYA PRADESH,Ashoknagar,845071,778214,40707,435809,359525,795334,176,337,238,575,27,18,45,15,24,39,24,861
MADHYA PRADESH,Shahdol,1066063,997073,42426,637863,422736,1060599,206,451,330,781,64,60,124,55,90,145,45,1302
MADHYA PRADESH,Anuppur,749237,686524,21473,458365,271733,730098,166,307,243,550,52,3,55,3,4,7,8,787
MADHYA PRADESH,Sidhi,1127033,1077545,34419,661238,477472,1138710,493,1007,933,1940,212,76,288,66,100,166,131,3019
MADHYA PRADESH,Singrauli,1178273,1118998,46574,585915,517447,1103362,316,605,423,1028,54,38,92,33,53,86,47,1569
MADHYA PRADESH,Jhabua,1025048,960925,15733,307994,775664,1083658,398,706,403,1109,13,20,33,16,26,42,30,1612
MADHYA PRADESH,Alirajpur,728999,705060,17660,155372,658684,814056,316,605,423,1028,54,38,92,33,53,86,47,1569
MADHYA PRADESH,Khandwa (East Nimar),1310061,1182330,116277,701787,551824,1253611,258,509,409,918,73,32,105,27,43,70,44,1395
MADHYA PRADESH,Burhanpur,757847,552526,180840,429454,317962,747416,160,342,265,607,52,39,91,36,58,94,35,989
GUJARAT,Kachchh,2092371,1608921,442355,1150801,581952,1732753,197,729,1297,2026,513,277,790,219,306,525,608,4146
GUJARAT,Banas Kantha,3120506,2890305,213505,1799274,1207376,3006650,479,1420,1077,2497,205,273,478,296,388,684,103,4242
GUJARAT,Patan,1343734,1194745,142797,856932,452891,1309823,205,654,584,1238,125,160,285,151,231,382,89,2199
GUJARAT,Mahesana,2035064,1885732,136431,1474304,434497,1908801,296,1004,1012,2016,220,268,488,226,369,595,252,3648
GUJARAT,Sabar Kantha,2428589,2260560,148563,1691327,665058,2356385,395,1265,1082,2347,175,239,414,249,406,655,126,3934
GUJARAT,Gandhinagar,1391753,1319586,57273,1049555,246993,1296548,460,1535,1645,3180,389,515,904,403,656,1059,413,6016
GUJARAT,Ahmadabad,7214225,6042416,883238,5805299,1129562,6934861,614,2501,5241,7742,1733,2376,4109,1237,2022,3259,2909,18633
GUJARAT,Surendranagar,1756268,1620282,109681,1189959,493427,1683386,286,923,854,1777,201,248,449,225,348,573,143,3227
GUJARAT,Rajkot,3804558,3397406,361388,2740751,738660,3479411,455,1709,2322,4031,734,866,1600,576,942,1518,894,8498
GUJARAT,Jamnagar,2160119,1810443,320805,1320610,502873,1823483,268,1037,1384,2421,478,469,947,323,528,851,541,5028
GUJARAT,Porbandar,585449,549749,33565,389163,137119,526282,74,284,410,694,127,146,273,89,146,235,187,1463
GUJARAT,Junagadh,2743082,2397056,334858,1886269,669022,2555291,419,1460,1516,2976,383,437,820,364,595,959,374,5549
GUJARAT,Amreli,1514190,1410463,99105,1039194,380595,1419789,225,788,768,1556,198,199,397,179,293,472,176,2825
GUJARAT,Bhavnagar,2880365,2632574,212863,2103528,508664,2612192,359,1270,1490,2760,403,495,898,366,599,965,452,5434
GUJARAT,Anand,2092745,1798794,250919,1588947,360506,1949453,261,953,1293,2246,393,314,707,250,368,618,538,4372
GUJARAT,Kheda,2299885,2000884,264482,1749234,482078,2231312,320,1146,1169,2315,320,293,613,242,394,636,370,4252
GUJARAT,Panch Mahals,2390776,2220974,158513,1575872,781582,2357454,395,1263,1083,2346,189,252,441,257,420,677,121,3981
GUJARAT,Dohad,2127086,2045243,66353,1024469,1047088,2071557,334,1026,811,1837,139,187,326,205,304,509,68,3074
GUJARAT,Vadodara,4165626,3713941,384579,2868332,910219,3778551,473,1780,2837,4617,889,924,1813,584,905,1489,1360,9753
GUJARAT,Narmada,590297,559848,22600,380328,192780,573108,100,321,268,589,43,57,100,62,102,164,25,979
GUJARAT,Bharuch,1551019,1188204,343511,1056350,273829,1330179,213,782,922,1704,282,236,518,180,293,473,336,3242
GUJARAT,The Dangs,228291,203545,3593,149466,91160,240626,43,124,82,206,11,16,27,22,27,49,0,325
GUJARAT,Navsari,1329672,1225087,78669,967020,261956,1228976,164,612,1019,1631,384,225,609,159,252,411,442,3256
GUJARAT,Valsad,1705678,1571147,94034,1093866,405928,1499794,223,817,911,1728,269,260,529,196,318,514,325,3316
GUJARAT,Surat,6081322,5260193,660772,4495898,942150,5438048,712,2970,4428,7398,1780,1700,3480,1170,1924,3094,1684,16368
GUJARAT,Tapi,807022,725890,22309,510815,292102,802917,279,901,794,1695,162,194,356,189,293,482,133,2945
DAMAN AND DIU,Diu,52074,48613,3190,34044,10735,44779,893,3631,7152,10783,4285,2444,6729,3382,4461,7843,7897,34145
DAMAN AND DIU,Daman,191173,171537,16087,119741,20641,140382,893,3631,7152,10783,4285,2444,6729,3382,4461,7843,7897,34145
DADRA AND NAGAR HAVELI,Dadra AND Nagar Haveli,343709,322857,12922,209575,91055,300630,431,1782,1667,3449,407,564,971,729,978,1707,235,6793
MAHARASHTRA,Nandurbar,1648295,1521618,96182,848475,790613,1639088,264,950,449,1399,144,210,354,207,224,431,0,2446
MAHARASHTRA,Dhule,2050862,1825460,187901,1335558,649568,1985126,292,1133,794,1927,208,305,513,372,478,850,0,3583
MAHARASHTRA,Jalgaon,4229917,3457615,560261,3014615,1003050,4017665,614,2393,1790,4183,471,687,1158,847,1122,1969,65,7988
MAHARASHTRA,Buldana,2586258,1845424,354236,1940864,600436,2541300,406,1531,910,2441,262,383,645,430,499,929,0,4421
MAHARASHTRA,Akola,1813906,1107809,357253,1460317,352687,1813004,270,1059,871,1930,255,372,627,442,679,1121,0,3948
MAHARASHTRA,Washim,1197160,859949,142672,899778,291525,1191303,190,714,387,1101,115,167,282,181,188,369,0,1942
MAHARASHTRA,Amravati,2888445,2055177,421410,2349512,478074,2827586,404,1683,1512,3195,369,540,909,692,1036,1728,0,6236
MAHARASHTRA,Wardha,1300774,1057096,53854,1012774,212054,1224828,184,799,711,1510,141,207,348,276,334,610,99,2754
MAHARASHTRA,Nagpur,4653570,3492202,390974,3703540,601547,4305087,491,2153,3484,5637,1071,1134,2205,1575,1780,3355,2385,14073
MAHARASHTRA,Bhandara,1200334,1009352,26502,949619,235524,1185143,175,748,579,1327,105,152,257,209,167,376,102,2237
MAHARASHTRA,Gondiya,1322507,1153861,26157,1060206,256549,1316755,201,806,515,1321,106,154,260,213,109,322,79,2183
MAHARASHTRA,Gadchiroli,1072942,927411,21063,670318,360229,1030547,180,723,412,1135,84,117,201,163,39,202,49,1765
MAHARASHTRA,Chandrapur,2204307,1780085,92297,1631602,516728,2148330,304,1327,1306,2633,285,417,702,541,860,1401,44,5085
MAHARASHTRA,Yavatmal,2772348,2251401,239236,2117390,718204,2835594,436,1695,1094,2789,272,398,670,493,508,1001,39,4937
MAHARASHTRA,Nanded,3361292,2501741,471951,2327305,884626,3211931,525,1986,1321,3307,365,535,900,622,781,1403,79,6214
MAHARASHTRA,Hingoli,1177345,863199,127552,824880,331388,1156268,180,676,384,1060,105,153,258,174,182,356,0,1853
MAHARASHTRA,Parbhani,1836086,1328385,306364,1266426,552643,1819069,254,982,730,1712,219,321,540,370,534,904,0,3410
MAHARASHTRA,Jalna,1959046,1504641,274221,1331287,545980,1877267,265,1105,827,1932,178,259,437,340,388,728,0,3363
MAHARASHTRA,Aurangabad,3701282,2545438,786677,2611982,819734,3431716,472,1966,1997,3963,463,676,1139,900,1144,2044,501,8119
MAHARASHTRA,Nashik,6107187,5237009,693052,4220456,1481778,5702234,805,3303,3299,6602,792,1158,1950,1534,1975,3509,764,13629
MAHARASHTRA,Thane,11060148,8716055,1355630,7739336,1692022,9431358,1175,4956,8527,13483,2404,3097,5501,4199,5195,9394,5565,35118
MAHARASHTRA,Mumbai Suburban,9356962,6337132,1795788,7658146,1111093,8769239,893,3631,7152,10783,4285,2444,6729,3382,4461,7843,7897,34145
MAHARASHTRA,Mumbai,3085411,1873762,773173,2567141,262312,2829453,1001,3485,10334,13819,10835,3595,14430,5027,7597,12624,18289,60163
MAHARASHTRA,Raigarh,2634200,2239370,227465,1861740,482420,2344160,279,1292,1881,3173,489,371,860,518,674,1192,592,6097
MAHARASHTRA,Pune,9429408,8090254,673704,6736249,1353077,8089326,905,3929,6261,10190,2831,1949,4780,2727,3272,5999,5349,27223
MAHARASHTRA,Ahmadnagar,4543159,4107143,320743,3404595,1061271,4465866,701,2833,2091,4924,478,699,1177,928,978,1906,122,8832
MAHARASHTRA,Bid,2585049,2174672,320395,1691672,821607,2513279,396,1502,881,2383,234,342,576,398,415,813,10,4179
MAHARASHTRA,Latur,2454196,2006984,367664,1765952,596213,2362165,373,1448,1012,2460,267,389,656,474,609,1083,0,4574
MAHARASHTRA,Osmanabad,1657576,1437623,178925,1193594,440363,1633957,262,1008,606,1614,150,219,369,267,233,500,40,2786
MAHARASHTRA,Solapur,4317756,3795424,441254,2951035,976795,3927830,627,2539,2095,4634,543,794,1337,1013,1384,2397,0,8995
MAHARASHTRA,Satara,3003741,2691952,146970,2313266,545423,2858689,437,1881,1461,3342,280,374,654,517,366,883,334,5649
MAHARASHTRA,Ratnagiri,1615069,1307211,187197,1251437,319622,1571059,233,1106,1009,2115,173,198,371,278,283,561,202,3484
MAHARASHTRA,Sindhudurg,849651,780384,26264,702460,121922,824382,107,508,563,1071,117,89,206,124,157,281,85,1749
MAHARASHTRA,Kolhapur,3876001,3379906,286558,2901125,778000,3679125,530,2257,2144,4401,451,659,1110,884,1016,1900,525,8464
MAHARASHTRA,Sangli,2822143,2440312,239607,2124179,579039,2703218,409,1689,1418,3107,313,435,748,595,496,1091,442,5798
ANDHRA PRADESH,Adilabad,2741239,2399901,275970,1346992,1030640,2377632,648,1604,1266,2870,84,122,206,134,213,347,109,4181
ANDHRA PRADESH,Nizamabad,2551335,2123426,391596,1804547,1041862,2846409,661,1468,931,2399,61,60,121,71,105,176,100,3458
ANDHRA PRADESH,Karimnagar,3776269,3491139,244723,2325560,1280393,3605953,961,2163,1420,3583,128,99,227,119,173,292,186,5251
ANDHRA PRADESH,Medak,3033288,2637313,342449,2029580,1199818,3229398,786,1659,997,2656,84,59,143,71,102,173,116,3874
ANDHRA PRADESH,Hyderabad,3943323,2046051,1713405,3445721,556902,4002623,416,2008,3204,5212,1708,494,2202,671,860,1531,1710,11071
ANDHRA PRADESH,Rangareddy,5296741,4458858,617518,4242880,1158473,5401353,785,2514,2912,5426,528,373,901,438,650,1088,603,8803
ANDHRA PRADESH,Mahbubnagar,4053028,3673456,334172,2049104,1604319,3653423,1068,2104,1137,3241,70,54,124,65,95,160,102,4695
ANDHRA PRADESH,Nalgonda,3488809,3249231,188646,2188695,1294811,3483506,968,1937,1106,3043,64,72,136,84,125,209,113,4468
ANDHRA PRADESH,Warangal,3512576,3273755,197333,2212184,1191252,3403436,938,1936,1203,3139,135,93,228,112,162,274,185,4762
ANDHRA PRADESH,Khammam,2797370,2595321,158887,1551232,875272,2426504,732,1584,1012,2596,75,78,153,92,136,228,127,3836
ANDHRA PRADESH,Srikakulam,2703114,2666950,9025,1499877,1009992,2509869,743,1475,803,2278,58,37,95,45,64,109,76,3301
ANDHRA PRADESH,Vizianagaram,2344474,2299129,16423,1240323,1031683,2272006,613,1306,804,2110,45,65,110,74,114,188,81,3103
ANDHRA PRADESH,Visakhapatnam,4290589,4105320,86330,2837695,1418851,4256546,877,2282,2122,4404,563,214,777,278,373,651,611,7319
ANDHRA PRADESH,East Godavari,5154296,4983330,77777,3518619,1524603,5043222,1274,2865,1949,4814,189,164,353,195,286,481,290,7211
ANDHRA PRADESH,West Godavari,3936966,3733191,86142,2771842,1028767,3800609,1011,2260,1477,3737,131,105,236,126,184,310,193,5485
ANDHRA PRADESH,Krishna,4517398,4023678,307043,3169428,1352499,4521927,1054,2557,2029,4586,270,180,450,218,313,531,364,6983
ANDHRA PRADESH,Guntur,4887813,4217597,559770,3209266,1474349,4683615,1119,2657,1953,4610,196,188,384,222,328,550,317,6981
ANDHRA PRADESH,Prakasam,3397448,3150195,220654,1900943,1218310,3119253,855,1845,1128,2973,91,65,156,79,114,193,127,4304
ANDHRA PRADESH,Sri Potti Sriramulu Nellore,2963557,2639737,288378,1863811,940785,2804596,711,1615,1096,2711,103,88,191,104,152,256,156,4024
ANDHRA PRADESH,Y.S.R.,2882469,2391231,454108,1862684,893657,2756341,678,1588,1174,2762,88,91,179,106,158,264,148,4030
ANDHRA PRADESH,Kurnool,4053463,3328380,670737,2220285,1517933,3738218,1042,2163,1355,3518,108,114,222,134,199,333,185,5301
ANDHRA PRADESH,Anantapur,4081148,3599372,443456,2426929,1369069,3795998,969,2252,1605,3857,143,150,293,176,261,437,243,5799
ANDHRA PRADESH,Chittoor,4174064,3737588,397870,3062955,1170993,4233948,1021,2270,1565,3835,261,125,386,157,218,375,307,5926
KARNATAKA,Belgaum,4779661,4038331,528412,3282133,1346776,4628909,1016,1973,1572,3545,592,373,965,521,691,1212,308,7045
KARNATAKA,Bagalkot,1889752,1634229,219991,1170429,608843,1779272,380,811,694,1505,217,155,372,217,327,544,89,2890
KARNATAKA,Bijapur,2177331,1786830,369588,1253491,746979,2000470,447,860,643,1503,217,163,380,228,293,521,89,2938
KARNATAKA,Bidar,1703300,1289709,335184,1212360,515395,1727755,377,735,529,1264,168,143,311,201,246,447,50,2448
KARNATAKA,Raichur,1928812,1634062,272022,997638,783126,1780764,438,807,516,1323,213,166,379,232,219,451,80,2672
KARNATAKA,Koppal,1389920,1218024,161770,946512,472182,1418694,317,577,394,971,124,106,230,149,182,331,42,1889
KARNATAKA,Gadag,1064570,907750,143665,702799,306138,1008937,218,479,402,881,132,97,229,136,187,323,49,1699
KARNATAKA,Dharwad,1847023,1390020,386834,1363803,428556,1792359,289,801,937,1738,415,170,585,237,386,623,284,3519
KARNATAKA,Uttara Kannada,1437169,1187306,187974,1156990,277857,1434847,268,634,671,1305,223,111,334,156,253,409,213,2531
KARNATAKA,Haveri,1597668,1281878,297927,1188358,383494,1571852,353,671,482,1153,153,127,280,178,224,402,52,2240
KARNATAKA,Bellary,2452595,2103633,320834,1468497,787762,2256259,415,973,1010,1983,361,183,544,256,416,672,271,3886
KARNATAKA,Chitradurga,1659456,1520553,128751,1164789,452975,1617764,365,699,534,1233,158,127,285,177,253,430,60,2374
KARNATAKA,Davanagere,1945497,1658465,265805,1476376,467414,1943790,406,865,723,1588,233,169,402,237,337,574,91,3062
KARNATAKA,Shimoga,1752753,1479424,234664,1383122,355222,1738344,336,796,816,1612,271,150,421,209,340,549,200,3119
KARNATAKA,Udupi,1177361,1009179,96740,1018426,204028,1222454,209,518,534,1052,236,73,309,103,167,270,259,2100
KARNATAKA,Chikmagalur,1137961,1004553,101235,891309,204371,1095680,239,538,521,1059,143,86,229,121,196,317,151,1996
KARNATAKA,Tumkur,2678980,2413812,245923,1969712,686274,2655986,613,1186,911,2097,289,220,509,309,423,732,116,4067
KARNATAKA,Bangalore,9621551,7725070,1248294,8886074,1304048,10190122,809,3203,5867,9070,3915,789,4704,1104,1795,2899,3442,20924
KARNATAKA,Mandya,1805769,1712695,77801,1270494,504734,1775228,408,779,609,1388,156,134,290,188,300,488,53,2628
KARNATAKA,Hassan,1776421,1630814,120011,1340398,401227,1741625,390,773,665,1438,184,131,315,183,297,480,119,2743
KARNATAKA,Dakshina Kannada,2089649,1403854,501896,1718483,298846,2017329,340,884,1051,1935,483,159,642,222,360,582,461,3959
KARNATAKA,Kodagu,554519,448986,87274,430787,91352,522139,116,255,239,494,75,36,111,50,81,131,90,942
KARNATAKA,Mysore,3001127,2631985,290549,2063359,747237,2810596,535,1222,1261,2483,525,237,762,330,537,867,349,4995
KARNATAKA,Chamarajanagar,1020791,942071,47210,630486,401643,1032129,238,441,310,751,83,79,162,111,151,262,21,1434
KARNATAKA,Gulbarga,2566326,2011014,513125,1596603,883704,2480307,761,1552,1211,2763,409,306,715,428,554,982,157,5378
KARNATAKA,Yadgir,1174271,997974,155340,527414,579042,1106456,347,694,563,1257,184,124,308,174,242,416,112,2440
KARNATAKA,Kolar,1536401,1305431,199873,1079088,399089,1478177,477,1007,799,1806,206,193,399,271,394,665,41,3389
KARNATAKA,Chikkaballapura,1255104,1100131,147810,843041,380402,1223443,65,129,121,250,30,19,49,27,43,70,39,471
KARNATAKA,Bangalore Rural,990923,890429,92252,705888,205062,910950,164,380,368,748,113,59,172,83,135,218,120,1422
KARNATAKA,Ramanagara,1082636,959260,114311,693049,324721,1017770,230,536,520,1056,155,85,240,118,193,311,161,1998
GOA,North Goa,818008,622213,57941,636063,99538,735601,122,424,476,900,151,177,328,172,204,376,351,2078
GOA,South Goa,640537,341664,63623,463596,88577,552173,87,314,375,689,122,148,270,143,164,307,294,1646
LAKSHADWEEP,Lakshadweep,64473,1788,62268,58057,5953,64010,104,369,426,795,136,162,298,158,184,342,322,1861
KERALA,Kasaragod,1307375,729987,486913,1068310,212905,1281215,305,607,581,1188,126,183,309,78,80,158,28,1988
KERALA,Kannur,2523003,1509592,742483,2290106,279352,2569458,536,1272,1292,2564,259,373,632,281,370,651,49,4432
KERALA,Wayanad,817420,404460,234185,678654,131211,809865,234,385,260,645,94,98,192,6,9,15,9,1095
KERALA,Kozhikode,3086293,1734958,1211131,2744977,335520,3080497,770,1476,1070,2546,354,307,661,208,338,546,71,4594
KERALA,Malappuram,4112920,1135259,2888849,3572086,622345,4194431,1156,1776,892,2668,480,265,745,73,111,184,83,4838
KERALA,Palakkad,2809934,1875980,812936,2371669,439934,2811603,692,1253,1078,2331,294,384,678,60,90,150,78,3929
KERALA,Thrissur,3121200,1823442,532839,2787333,307665,3094998,622,1548,1722,3270,449,397,846,438,247,685,189,5612
KERALA,Ernakulam,3282388,1509557,514397,2848777,268315,3117092,654,1594,1933,3527,466,452,918,384,398,782,392,6274
KERALA,Idukki,1108974,541854,82206,958204,126589,1084793,329,508,265,773,138,92,230,11,16,27,16,1374
KERALA,Kottayam,1974551,983598,126499,1793308,134393,1927701,481,918,893,1811,241,276,517,105,70,175,88,3071
KERALA,Alappuzha,2127789,1460447,224545,1991380,163991,2155371,516,1012,940,1952,226,283,509,109,167,276,116,3368
KERALA,Pathanamthitta,1197412,681666,55074,1112427,71053,1183480,326,556,422,978,167,151,318,19,24,43,47,1711
KERALA,Kollam,2635375,1697635,508500,2341963,231286,2573249,667,1228,1056,2284,295,351,646,84,126,210,103,3910
KERALA,Thiruvananthapuram,3301427,2194057,452915,2838716,309042,3147758,766,1611,1689,3300,424,491,915,214,302,516,273,5770
TAMIL NADU,Thiruvallur,3728104,3325823,143093,2687680,610048,3297728,539,1940,1732,3672,1137,455,1592,472,876,1348,580,7731
TAMIL NADU,Chennai,4646732,3751322,439270,3642032,419065,4061097,471,2117,3685,5802,1954,1866,3820,748,1214,1962,3686,15742
TAMIL NADU,Kancheepuram,3998252,3537399,173785,2867809,678374,3546183,541,1993,1965,3958,1138,560,1698,522,832,1354,797,8349
TAMIL NADU,Vellore,3936331,3397857,414760,2965827,891430,3857257,789,2455,1670,4125,1082,579,1661,340,777,1117,402,8092
TAMIL NADU,Tiruvannamalai,2464875,2294369,91636,1782712,672427,2455139,545,1519,798,2317,483,324,807,118,271,389,131,4189
TAMIL NADU,Viluppuram,3458873,3174941,133896,2430170,999902,3430072,730,2002,1041,3043,564,437,1001,118,271,389,143,5306
TAMIL NADU,Salem,3482056,3326357,95487,2335432,955045,3290477,642,2185,1727,3912,1197,523,1720,437,943,1380,515,8169
TAMIL NADU,Namakkal,1726601,1673652,32483,1200360,388418,1588778,309,1050,890,1940,506,241,747,220,358,578,249,3824
TAMIL NADU,Erode,2251744,2115455,76098,1510680,608003,2118683,521,1933,1748,3681,1130,450,1580,513,933,1446,491,7719
TAMIL NADU,The Nilgiris,735394,569477,78452,588740,114497,703237,139,499,432,931,314,121,435,116,246,362,163,2029
TAMIL NADU,Dindigul,2159775,1879494,105012,1595029,480681,2075710,421,1362,1000,2362,634,322,956,228,479,707,236,4682
TAMIL NADU,Karur,1064493,993666,53292,759410,276930,1036340,199,628,485,1113,267,158,425,99,172,271,145,2151
TAMIL NADU,Tiruchirappalli,2722290,2279413,190964,2124918,401149,2526067,472,1610,1450,3060,841,490,1331,329,573,902,646,6411
TAMIL NADU,Perambalur,565223,521658,32702,443373,109011,552384,117,346,242,588,87,79,166,40,36,76,31,979
TAMIL NADU,Ariyalur,754894,708397,7942,532701,233438,766139,196,518,234,752,121,108,229,19,44,63,18,1258
TAMIL NADU,Cuddalore,2605914,2391675,123749,1868837,634041,2502878,519,1580,1097,2677,683,405,1088,200,432,632,385,5300
TAMIL NADU,Nagapattinam,1616450,1435072,128617,1306690,253572,1560262,334,992,697,1689,313,253,566,110,157,267,170,3026
TAMIL NADU,Thiruvarur,1264277,1132785,96092,1067502,175564,1243066,271,781,497,1278,240,193,433,65,117,182,108,2272
TAMIL NADU,Thanjavur,2405890,2075870,190814,1812871,461123,2273994,481,1474,1064,2538,603,389,992,187,370,557,348,4914
TAMIL NADU,Pudukkottai,1618345,1428784,114194,1167183,447346,1614529,349,1005,636,1641,282,229,511,86,132,218,92,2812
TAMIL NADU,Sivaganga,1339101,1186078,74310,998410,311112,1309522,248,757,578,1335,258,205,463,103,137,240,169,2456
TAMIL NADU,Madurai,3038252,2760502,168881,2398674,449125,2847799,458,1632,1526,3158,980,502,1482,372,710,1082,738,6917
TAMIL NADU,Theni,1245899,1148990,56751,891561,270738,1162299,218,734,506,1240,401,169,570,153,367,520,94,2642
TAMIL NADU,Virudhunagar,1942288,1822626,47838,1450277,403246,1853523,364,1185,921,2106,595,298,893,199,416,615,321,4300
TAMIL NADU,Ramanathapuram,1353445,1047411,208038,1186606,107292,1293898,265,778,504,1282,268,185,453,75,151,226,112,2340
TAMIL NADU,Thoothukkudi,1750176,1373920,80740,1389077,265032,1654109,310,1016,853,1869,452,273,725,187,294,481,292,3677
TAMIL NADU,Tirunelveli,3077233,2425630,303368,2329474,621010,2950484,572,1979,1624,3603,1091,469,1560,424,858,1282,484,7501
TAMIL NADU,Kanniyakumari,1870374,909872,78590,1625788,210901,1836689,275,1048,990,2038,662,246,908,291,534,825,332,4377
TAMIL NADU,Dharmapuri,1506843,1452956,38304,1011099,512824,1523923,380,969,370,1339,255,180,435,42,92,134,76,2364
TAMIL NADU,Krishnagiri,1879809,1723737,115303,1286837,578724,1865561,409,1155,696,1851,322,279,601,76,143,219,125,3203
TAMIL NADU,Coimbatore,3458045,3044145,211035,2504188,519919,3024107,725,2868,3206,6074,1958,1062,3020,847,1435,2282,1837,13938
TAMIL NADU,Tiruppur,2479052,2278835,123983,1677079,552447,2229526,510,1993,2316,4309,1370,838,2208,576,978,1554,1446,10027
PONDICHERRY,Yanam,55626,53537,1191,40860,14923,55783,510,1993,2316,4309,1370,838,2208,576,978,1554,1446,10027
PONDICHERRY,PONDICHERRY,950289,855294,32674,725031,146861,871892,510,1993,2316,4309,1370,838,2208,576,978,1554,1446,10027
PONDICHERRY,Mahe,41816,27940,12856,36858,2993,39851,510,1993,2316,4309,1370,838,2208,576,978,1554,1446,10027
PONDICHERRY,Karaikal,200222,152638,28835,154561,32717,187278,407,1345,1063,2408,665,340,1005,246,483,729,341,4890
ANDAMAN AND NICOBAR ISLANDS,Nicobars,36842,8681,1336,27746,9781,37527,636,1210,685,1895,212,134,346,70,120,190,84,3151
ANDAMAN AND NICOBAR ISLANDS,North  AND Middle Andaman,105597,81163,2165,87325,22422,109747,636,1210,685,1895,212,134,346,70,120,190,84,3151
ANDAMAN AND NICOBAR ISLANDS,South Andaman,238142,174452,28912,189834,36289,226123,607,1649,1371,3020,649,368,1017,265,497,762,376,5782
